29257
65827
1543254
3232787
6524085
13113995
27661532
55447401
110924057
223405994
446943639
893975045
1787986659
3575987945
7153416746
14306943201
28613944913
57227948337
114456006383
228912129789
457824318089
915648658119
1831297491773
3662594998173
7325190010973
14650380182853
29300761755364
58601523569239
117203047189675
234406094445175
468812188992745
937624378036687
1875248756124571
3750497512395421
7500995024820097
15001990049742589
30003980099551003
60007960199131261
120015920398277149
240031840796561611
480063681593159791
960127363186502431
1920254726373070687
3840509452747582230
7681018905495266855
15362037810990555651
30724075621981199069
61448151243962485905
122896302487925030321
245792604975850148409
491585209951700406527
983170419903400878879
1966340839806801867467
3932681679613603793445
7865363359227207696599
15730726718454415444395
31461453436908830983871
62922906873817662077451
125845813747635324213413
251691627495270648492651
503383254990541297080383
1006766509981082594233905
2013533019962165188584833
4027066039924330377301317
8054132079848660756160514
16108264159697321512430737
32216528319394643024927299
64433056638789286049942365
128866113277578572100023695
257732226555157144200054703
515464453110314288400138661
1030928906220628576800284635
2061857812441257153600576583
4123715624882514307202623278
8247431249765028614405297753
16494862499530057228810697901
32989724999060114457621461627
65979449998120228915242974451
131958899996240457830486043983
263917799992480915660972168419
527835599984961831321944453861
1055671199969923662643889032059
2111342399939847325287778115315
4222684799879694650575556274513
8445369599759389301151112556339
16890739199518778602302226568162
33781478399037557204604453246033
67562956798075114409208906572519
135125913596150228818417813284003
270251827192300457636835626597261
540503654384600915273671253282289
1081007308769201830547342506696229
2162014617538403661094685013399771
4324029235076807322189370026879995
8648058470153614644378740053877013
17296116940307229288757480107783281
34592233880614458577514960215595817
69184467761228917155029920431315971
138368935522457834310059840862668511
276737871044915668620119681725461359
553475742089831337240239363450937345
1106951484179662674480478726901947829
2213902968359325348960957453804027309
4427805936718650697921914907608113129
8855611873437301395843829815216314025
17711223746874602791687659630432701189
35422447493749205583375319260866762780
70844894987498411166750638521733627955
141689789974996822333501277043467307107
283379579949993644667002554086934797063
566759159899987289334005108173869630695
1133518319799974578668010216347739268703
2267036639599949157336020432695479963634
4534073279199898314672040865390959978465
9068146558399796629344081730781920183663
18136293116799593258688163461563841800868
36272586233599186517376326923127683682189
72545172467198373034752653846255367576483
145090344934396746069505307692510736630392
290180689868793492139010615385021473370493
580361379737586984278021230770042946755613
1160722759475173968556042461540085893555109
2321445518950347937112084923080171787117531
4642891037900695874224169846160343574242375
9285782075801391748448339692320687150079200
18571564151602783496896679384641374300180341
37143128303205566993793358769282748600375309
74286256606411133987586717538565497200757931
148572513212822267975173435077130994402927462
297145026425644535950346870154261988805957319
594290052851289071900693740308523977612009719
1188580105702578143801387480617047955224136461
2377160211405156287602774961234095910448302177
4754320422810312575205549922468191820896670179
9508640845620625150411099844936383641793472009
19017281691241250300822199689872767283586987901
38034563382482500601644399379745534567174063569
76069126764965001203288798759491069134348192963
152138253529930002406577597518982138268696473693
304276507059860004813155195037964276537393049781
608553014119720009626310390075928553074786121503
1217106028239440019252620780151857106149573705804
2434212056478880038505241560303714212299147521317
4868424112957760077010483120607428424598295108459
9736848225915520154020966241214856849196590319313
19473696451831040308041932482429713698393180733707
38947392903662080616083864964859427396786361555181
77894785807324161232167729929718854793572723168873
155789571614648322464335459859437709587145446410885
311579143229296644928670919718875419174290892960735
623158286458593289857341839437750838348581785950725
1246316572917186579714683678875501676697163571916077
2492633145834373159429367357751003353394327143927235
4985266291668746318858734715502006706788654287861783
9970532583337492637717469431004013413577308575774763
19941065166674985275434938862008026827154617151586095
39882130333349970550869877724016053654309234303230701
79764260666699941101739755448032107308618468606476029
159528521333399882203479510896064214617236937213017883
319057042666799764406959021792128429234473874426203987
638114085333599528813918043584256858468947748852459171
1276228170667199057627836087168513716937895497704932969
2552456341334398115255672174337027433875790995409887879
5104912682668796230511344348674054867751581990819856211
10209825365337592461022688697348109735503163981641072824
20419650730675184922045377394696219471006327963282182217
40839301461350369844090754789392438942012655926564452201
81678602922700739688181509578784877884025311853129072623
163357205845401479376363019157569755768050623706258225699
326714411690802958752726038315139511536101247412516487967
653428823381605917505452076630279023072202494825034387534
1306857646763211835010904153260558046144404989650068797009
2613715293526423670021808306521116092288809979300137623273
5227430587052847340043616613042232184577619958600275253859
10454861174105694680087233226084464369155239917200551904690
20909722348211389360174466452168928738310479834401103992229
41819444696422778720348932904337857476620959668802207999085
83638889392845557440697865808675714953241919337604416012797
167277778785691114881395731617351429906483838675208833466450
334555557571382229762791463234702859812967677350417667108435
669111115142764459525582926469405719625935354700835334304637
1338222230285528919051165852938811439251870709401670670050130
2676444460571057838102331705877622878503741418803341340151457
5352888921142115676204663411755245757007482837606682680397995
10705777842284231352409326823510491514014965675213365361022723
21411555684568462704818653647020983028029931350426730723391220
42823111369136925409637307294041966056059862700853461446855579
85646222738273850819274614588083932112119725401706922893820867
171292445476547701638549229176167864224239450803413845787766071
342584890953095403277098458352335728448478901606827691575590653
685169781906190806554196916704671456896957803213655383151210561
1370339563812381613108393833409342913793915606427310766302435749
2740679127624763226216787666818685827587831212854621532604973893
5481358255249526452433575333637371655175662425709243065209955099
10962716510499052904867150667274743310351324851418486130419954081
21925433020998105809734301334549486620702649702836972260840061755
43850866041996211619468602669098973241405299405673944521680189335
87701732083992423238937205338197946482810598811347889043360437181
175403464167984846477874410676395892965621197622695778086720888989
350806928335969692955748821352791785931242395245391556173443174950
701613856671939385911497642705583571862484790490783112346886357213
1403227713343878771822995285411167143724969580981566224693772933845
2806455426687757543645990570822334287449939161963132449387545911573
5612910853375515087291981141644668574899878323926264898775093183548
11225821706751030174583962283289337149799756647852529797550186454863
22451643413502060349167924566578674299599513295705059595100372924353
44903286827004120698335849133157348599199026591410119190200745892589
89806573654008241396671698266314697198398053182820238380401491792491
179613147308016482793343396532629394396796106365640476760802983621551
359226294616032965586686793065258788793592212731280953521605967265043
718452589232065931173373586130517577587184425462561907043211935978256
1436905178464131862346747172261035155174368850925123814086423872058907
2873810356928263724693494344522070310348737701850247628172847745536728
5747620713856527449386988689044140620697475403700495256345695491175851
11495241427713054898773977378088281241394950807400990512691390982432155
22990482855426109797547954756176562482789901614801981025382781965010589
45980965710852219595095909512353124965579803229603962050765563930065061
91961931421704439190191819024706249931159606459207924101531127861556350
183923862843408878380383638049412499862319212918415848203062255723156583
367847725686817756760767276098824999724638425836831696406124511446459445
735695451373635513521534552197649999449276851673663392812249022892948145
1471390902747271027043069104395299998898553703347326785624498045785954801
2942781805494542054086138208790599997797107406694653571248996091573350458
5885563610989084108172276417581199995594214813389307142497992183146766741
11771127221978168216344552835162399991188429626778614284995984366293577365
23542254443956336432689105670324799982376859253557228569991968732587352207
47084508887912672865378211340649599964753718507114457139983937465174755611
94169017775825345730756422681299199929507437014228914279967874930350937450
188338035551650691461512845362598399859014874028457828559935749860701984609
376676071103301382923025690725196799718029748056915657119871499721405402760
753352142206602765846051381450393599436059496113831314239742999442810907915
1506704284413205531692102762900787198872118992227662628479485998885621888969
3013408568826411063384205525801574397744237984455325256958971997771243858391
6026817137652822126768411051603148795488475968910650513917943995542487789921
12053634275305644253536822103206297590976951937821301027835887991084975601783
24107268550611288507073644206412595181953903875642602055671775982169951291333
48214537101222577014147288412825190363907807751285204111343551964339902699689
96429074202445154028294576825650380727815615502570408222687103928679805494459
192858148404890308056589153651300761455631231005140816445374207857359611025487
385716296809780616113178307302601522911262462010281632890748415714719222116799
771432593619561232226356614605203045822524924020563265781496831429438444350621
1542865187239122464452713229210406091645049848041126531562993662858876888818265
3085730374478244928905426458420812183290099696082253063125987325717753777665785
6171460748956489857810852916841624366580199392164506126251974651435507556713914
12342921497912979715621705833683248733160398784329012252503949302871015113530223
24685842995825959431243411667366497466320797568658024505007898605742030227214039
49371685991651918862486823334732994932641595137316049010015797211484060454457333
98743371983303837724973646669465989865283190274632098020031594422968120908929293
197486743966607675449947293338931979730566380549264196040063188845936241817895155
394973487933215350899894586677863959461132761098528392080126377691872483637238480
789946975866430701799789173355727918922265522197056784160252755383744967274491587
1579893951732861403599578346711455837844531044394113568320505510767489934549041685
3159787903465722807199156693422911675689062088788227136641011021534979869098207707
6319575806931445614398313386845823351378124177576454273282022043069959738196539751
12639151613862891228796626773691646702756248355152908546564044086139919476393101443
25278303227725782457593253547383293405512496710305817093128088172279838952786217513
50556606455451564915186507094766586811024993420611634186256176344559677905572456967
101113212910903129830373014189533173622049986841223268372512352689119355811146391360
202226425821806259660746028379066347244099973682446536745024705378238711622292885115
404452851643612519321492056758132694488199947364893073490049410756477423244585806799
808905703287225038642984113516265388976399894729786146980098821512954846489173054454
1617811406574450077285968227032530777952799789459572293960197643025909692978346196675
3235622813148900154571936454065061555905599578919144587920395286051819385956692444547
6471245626297800309143872908130123111811199157838289175840790572103638771913384896407
12942491252595600618287745816260246223622398315676578351681581144207277543826769909837
25884982505191201236575491632520492447244796631353156703363162288414555087653539885499
51769965010382402473150983265040984894489593262706313406726324576829110175307079931905
103539930020764804946301966530081969788979186525412626813452649153658220350614159980833
207079860041529609892603933060163939577958373050825253626905298307316440701228321365952
414159720083059219785207866120327879155916746101650507253810596614632881402456642834299
828319440166118439570415732240655758311833492203301014507621193229265762804913285829505
1656638880332236879140831464481311516623666984406602029015242386458531525609826571673637
3313277760664473758281662928962623033247333968813204058030484772917063051219653143427727
6626555521328947516563325857925246066494667937626408116060969545834126102439306288201228
13253111042657895033126651715850492132989335875252816232121939091668252204878612576482909
26506222085315790066253303431700984265978671750505632464243878183336504409757225153097469
53012444170631580132506606863401968531957343501011264928487756366673008819514450306238821
106024888341263160265013213726803937063914687002022529856975512733346017639028900612550781
212049776682526320530026427453607874127829374004045059713951025466692035278057801225262469
424099553365052641060052854907215748255658748008090119427902050933384070556115602450539565
848199106730105282120105709814431496511317496016180238855804101866768141112231204901254665
1696398213460210564240211419628862993022634992032360477711608203733536282224462409803920930
3392796426920421128480422839257725986045269984064720955423216407467072564448924819607922313
6785592853840842256960845678515451972090539968129441910846432814934145128897849639215983591
13571185707681684513921691357030903944181079936258883821692865629868290257795699278431989123
27142371415363369027843382714061807888362159872517767643385731259736580515591398556864014815
54284742830726738055686765428123615776724319745035535286771462519473161031182797113728044257
108569485661453476111373530856247231553448639490071070573542925038946322062365594227456227479
217138971322906952222747061712494463106897278980142141147085850077892644124731188454912491527
434277942645813904445494123424988926213794557960284282294171700155785288249462376909825012309
868555885291627808890988246849977852427589115920568564588343400311570576498924753819650229409
1737111770583255617781976493699955704855178231841137129176686800623141152997849507639301826534
3474223541166511235563952987399911409710356463682274258353373601246282305995699015278603843231
6948447082333022471127905974799822819420712927364548516706747202492564611991398030557207744973
13896894164666044942255811949599645638841425854729097033413494404985129223982796061114416872290
27793788329332089884511623899199291277682851709458194066826988809970258447965592122228833846975
55587576658664179769023247798398582555365703418916388133653977619940516895931184244457667810973
111175153317328359538046495596797165110731406837832776267307955239881033791862368488915335702399
222350306634656719076092991193594330221462813675665552534615910479762067583724736977830671455995
444700613269313438152185982387188660442925627351331105069231820959524135167449473955661343007071
889401226538626876304371964774377320885851254702662210138463641919048270334898947911322686116537
1778802453077253752608743929548754641771702509405324420276927283838096540669797895822645372379353
3557604906154507505217487859097509283543405018810648840553854567676193081339595791645290744868415
7115209812309015010434975718195018567086810037621297681107709135352386162679191583290581491199628
14230419624618030020869951436390037134173620075242595362215418270704772325358383166581162982472395
28460839249236060041739902872780074268347240150485190724430836541409544650716766333162325964959417
56921678498472120083479805745560148536694480300970381448861673082819089301433532666324651930087055
113843356996944240166959611491120297073388960601940762897723346165638178602867065332649303860210679
227686713993888480333919222982240594146777921203881525795446692331276357205734130665298607720457927
455373427987776960667838445964481188293555842407763051590893384662552714411468261330597215442385966
910746855975553921335676891928962376587111684815526103181786769325105428822936522661194430884874327
1821493711951107842671353783857924753174223369631052206363573538650210857645873045322388861769785223
3642987423902215685342707567715849506348446739262104412727147077300421715291746090644777723540982046
7285974847804431370685415135431699012696893478524208825454294154600843430583492181289555447082007975
14571949695608862741370830270863398025393786957048417650908588309201686861166984362579110894164103717
29143899391217725482741660541726796050787573914096835301817176618403373722333968725158221788328214747
58287798782435450965483321083453592101575147828193670603634353236806747444667937450316443576656444121
116575597564870901930966642166907184203150295656387341207268706473613494889335874900632887153313012579
233151195129741803861933284333814368406300591312774682414537412947226989778671749801265774306626061727
466302390259483607723866568667628736812601182625549364829074825894453979557343499602531548613252196593
932604780518967215447733137335257473625202365251098729658149651788907959114686999205063097226504473639
1865209561037934430895466274670514947250404730502197459316299303577815918229373998410126194453009137441
3730419122075868861790932549341029894500809461004394918632598607155631836458747996820252388906018289509
7460838244151737723581865098682059789001618922008789837265197214311263672917495993640504777812036586331
14921676488303475447163730197364119578003237844017579674530394428622527345834991987281009555624074555006
29843352976606950894327460394728239156006475688035159349060788857245054691669983974562019111248149190465
59686705953213901788654920789456478312012951376070318698121577714490109383339967949124038222496298497953
119373411906427803577309841578912956624025902752140637396243155428980218766679935898248076444992597134871
238746823812855607154619683157825913248051805504281274792486310857960437533359871796496152889985194298997
477493647625711214309239366315651826496103611008562549584972621715920875066719743592992305779970390038850
954987295251422428618478732631303652992207222017125099169945243431841750133439487185984611559940780209351
1909974590502844857236957465262607305984414444034250198339890486863683500266878974371969223119881560426015
3819949181005689714473914930525214611968828888068500396679780973727367000533757948743938446239763121005623
7639898362011379428947829861050429223937657776137000793359561947454734001067515897487876892479526242069757
15279796724022758857895659722100858447875315552274001586719123894909468002135031794975753784959052484161455
30559593448045517715791319444201716895750631104548003173438247789818936004270063589951507569918104968454561
61119186896091035431582638888403433791501262209096006346876495579637872008540127179903015139836209938328036
122238373792182070863165277776806867583002524418192012693752991159275744017080254359806030279672419876795037
244476747584364141726330555553613735166005048836384025387505982318551488034160508719612060559344839753641271
488953495168728283452661111107227470332010097672768050775011964637102976068321017439224121118689679507297169
977906990337456566905322222214454940664020195345536101550023929274205952136642034878448242237379359014616279
1955813980674913133810644444428909881328040390691072203100047858548411904273284069756896484474758718029334953
3911627961349826267621288888857819762656080781382144406200095717096823808546568139513792968949517436058691847
7823255922699652535242577777715639525312161562764288812400191434193647617093136279027585937899034872117412949
15646511845399305070485155555431279050624323125528577624800382868387295234186272558055171875798069744234840525
31293023690798610140970311110862558101248646251057155249600765736774590468372545116110343751596139488469724933
62586047381597220281940622221725116202497292502114310499201531473549180936745090232220687503192278976939457179
125172094763194440563881244443450232404994585004228620998403062947098361873490180464441375006384557953878943613
250344189526388881127762488886900464809989170008457241996806125894196723746980360928882750012769115907759269570
500688379052777762255524977773800929619978340016914483993612251788393447493960721857765500025538231815518553767
1001376758105555524511049955547601859239956680033828967987224503576786894987921443715531000051076463631037231871
2002753516211111049022099911095203718479913360067657935974449007153573789975842887431062000102152927262074500311
4005507032422222098044199822190407436959826720135315871948898014307147579951685774862124000204305854524149124959
8011014064844444196088399644380814873919653440270631743897796028614295159903371549724248000408611709048298315743
16022028129688888392176799288761629747839306880541263487795592057228590319806743099448496000817223418096596711939
32044056259377776784353598577523259495678613761082526975591184114457180639613486198896992001634446836193193606727
64088112518755553568707197155046518991357227522165053951182368228914361279226972397793984003268893672386387242709
128176225037511107137414394310093037982714455044330107902364736457828722558453944795587968006537787344772775911646
256352450075022214274828788620186075965428910088660215804729472915657445116907889591175936013075574689545551881803
512704900150044428549657577240372151930857820177320431609458945831314890233815779182351872026151149379091103778233
1025409800300088857099315154480744303861715640354640863218917891662629780467631558364703744052302298758182207571093
2050819600600177714198630308961488607723431280709281726437835783325259560935263116729407488104604597516364416539158
4101639201200355428397260617922977215446862561418563452875671566650519121870526233458814976209209195032728833151455
8203278402400710856794521235845954430893725122837126905751343133301038243741052466917629952418418390065457666419933
16406556804801421713589042471691908861787450245674253811502686266602076487482104933835259904836836780130915332905691
32813113609602843427178084943383817723574900491348507623005372533204152974964209867670519809673673560261830665862579
65626227219205686854356169886767635447149800982697015246010745066408305949928419735341039619347347120523661333231840
131252454438411373708712339773535270894299601965394030492021490132816611899856839470682079238694694241047322666492935
262504908876822747417424679547070541788599203930788060984042980265633223799713678941364158477389388482094645333095579
525009817753645494834849359094141083577198407861576121968085960531266447599427357882728316954778776964189290666286239
1050019635507290989669698718188282167154396815723152243936171921062532895198854715765456633909557553928378581332645617
2100039271014581979339397436376564334308793631446304487872343842125065790397709431530913267819115107856757162665444827
4200078542029163958678794872753128668617587262892608975744687684250131580795418863061826535638230215713514325330896967
8400157084058327917357589745506257337235174525785217951489375368500263161590837726123653071276460431427028650661808561
16800314168116655834715179491012514674470349051570435902978750737000526323181675452247306142552920862854057301323734145
33600628336233311669430358982025029348940698103140871805957501474001052646363350904494612285105841725708114602647512173
67201256672466623338860717964050058697881396206281743611915002948002105292726701808989224570211683451416229205295046287
134402513344933246677721435928100117395762792412563487223830005896004210585453403617978449140423366902832458410590202283
268805026689866493355442871856200234791525584825126974447660011792008421170906807235956898280846733805664916821180514275
537610053379732986710885743712400469583051169650253948895320023584016842341813614471913796561693467611329833642361072433
1075220106759465973421771487424800939166102339300507897790640047168033684683627228943827593123386935222659667284722298459
2150440213518931946843542974849601878332204678601015795581280094336067369367254457887655186246773870445319334569444618859
4300880427037863893687085949699203756664409357202031591162560188672134738734508915775310372493547740890638669138889245031
8601760854075727787374171899398407513328818714404063182325120377344269477469017831550620744987095481781277338277778497375
17203521708151455574748343798796815026657637428808126364650240754688538954938035663101241489974190963562554676555557031319
34407043416302911149496687597593630053315274857616252729300481509377077909876071326202482979948381927125109353111115518122
68814086832605822298993375195187260106630549715232505458600963018754155819752142652404965959896763854250218706222231102069
137628173665211644597986750390374520213261099430465010917201926037508311639504285304809931919793527708500437412444462255335
275256347330423289195973500780749040426522198860930021834403852075016623279008570609619863839587055417000874824888924605751
550512694660846578391947001561498080853044397721860043668807704150033246558017141219239727679174110834001749649777849255385
1101025389321693156783894003122996161706088795443720087337615408300066493116034282438479455358348221668003499299555698583909
2202050778643386313567788006245992323412177590887440174675230816600132986232068564876958910716696443336006998599111397270213
4404101557286772627135576012491984646824355181774880349350461633200265972464137129753917821433392886672013997198222794620879
8808203114573545254271152024983969293648710363549760698700923266400531944928274259507835642866785773344027994396445589366095
17616406229147090508542304049967938587297420727099521397401846532801063889856548519015671285733571546688055988792891178768759
35232812458294181017084608099935877174594841454199042794803693065602127779713097038031342571467143093376111977585782357669169
70465624916588362034169216199871754349189682908398085589607386131204255559426194076062685142934286186752223955171564715433419
140931249833176724068338432399743508698379365816796171179214772262408511118852388152125370285868572373504447910343129430954605
281862499666353448136676864799487017396758731633592342358429544524817022237704776304250740571737144747008895820686258861916523
563724999332706896273353729598974034793517463267184684716859089049634044475409552608501481143474289494017791641372517725442124
1127449998665413792546707459197948069587034926534369369433718178099268088950819105217002962286948578988035583282745035450898875
2254899997330827585093414918395896139174069853068738738867436356198536177901638210434005924573897157976071166565490070903150838
4509799994661655170186829836791792278348139706137477477734872712397072355803276420868011849147794315952142333130980141806367501
9019599989323310340373659673583584556696279412274954955469745424794144711606552841736023698295588631904284666261960283612895909
18039199978646620680747319347167169113392558824549909910939490849588289423213105683472047396591177263808569332523920567225806445
36078399957293241361494638694334338226785117649099819821878981699176578846426211366944094793182354527617138665047841134451627517
72156799914586482722989277388668676453570235298199639643757963398353157692852422733888189586364709055234277330095682268903393999
144313599829172965445978554777337352907140470596399279287515926796706315385704845467776379172729418110468554660191364537806831881
288627199658345930891957109554674705814280941192798558575031853593412630771409690935552758345458836220937109320382729075613700331
577254399316691861783914219109349411628561882385597117150063707186825261542819381871105516690917672441874218640765458151227532313
1154508798633383723567828438218698823257123764771194234300127414373650523085638763742211033381835344883748437281530916302455108509
2309017597266767447135656876437397646514247529542388468600254828747301046171277527484422066763670689767496874563061832604910282843
4618035194533534894271313752874795293028495059084776937200509657494602092342555054968844133527341379534993749126123665209820660767
9236070389067069788542627505749590586056990118169553874401019314989204184685110109937688267054682759069987498252247330419641423929
18472140778134139577085255011499181172113980236339107748802038629978408369370220219875376534109365518139974996504494660839282935625
36944281556268279154170510022998362344227960472678215497604077259956816738740440439750753068218731036279949993008989321678565951703
73888563112536558308341020045996724688455920945356430995208154519913633477480880879501506136437462072559899986017978643357132013115
147777126225073116616682040091993449376911841890712861990416309039827266954961761759003012272874924145119799972035957286714264113997
295554252450146233233364080183986898753823683781425723980832618079654533909923523518006024545749848290239599944071914573428528293819
591108504900292466466728160367973797507647367562851447961665236159309067819847047036012049091499696580479199888143829146857056646149
1182217009800584932933456320735947595015294735125702895923330472318618135639694094072024098182999393160958399776287658293714113358123
2364434019601169865866912641471895190030589470251405791846660944637236271279388188144048196365998786321916799552575316587428228171730
4728868039202339731733825282943790380061178940502811583693321889274472542558776376288096392731997572643833599105150633174856456394657
9457736078404679463467650565887580760122357881005623167386643778548945085117552752576192785463995145287667198210301266349712912906337
18915472156809358926935301131775161520244715762011246334773287557097890170235105505152385570927990290575334396420602532699425825893127
37830944313618717853870602263550323040489431524022492669546575114195780340470211010304771141855980581150668792841205065398851651844765
75661888627237435707741204527100646080978863048044985339093150228391560680940422020609542283711961162301337585682410130797703303769983
151323777254474871415482409054201292161957726096089970678186300456783121361880844041219084567423922324602675171364820261595406607605791
302647554508949742830964818108402584323915452192179941356372600913566242723761688082438169134847844649205350342729640523190813215284721
605295109017899485661929636216805168647830904384359882712745201827132485447523376164876338269695689298410700685459281046381626430679151
1210590218035798971323859272433610337295661808768719765425490403654264970895046752329752676539391378596821401370918562092763252861438755
2421180436071597942647718544867220674591323617537439530850980807308529941790093504659505353078782757193642802741837124185526505723016475
4842360872143195885295437089734441349182647235074879061701961614617059883580187009319010706157565514387285605483674248371053011446040263
9684721744286391770590874179468882698365294470149758123403923229234119767160374018638021412315131028774571210967348496742106022892204863
19369443488572783541181748358937765396730588940299516246807846458468239534320748037276042824630262057549142421934696993484212045784453609
38738886977145567082363496717875530793461177880599032493615692916936479068641496074552085649260524115098284843869393986968424091568980357
77477773954291134164726993435751061586922355761198064987231385833872958137282992149104171298521048230196569687738787973936848183138033853
154955547908582268329453986871502123173844711522396129974462771667745916274565984298208342597042096460393139375477575947873696366276126217
309911095817164536658907973743004246347689423044792259948925543335491832549131968596416685194084192920786278750955151895747392732552442597
619822191634329073317815947486008492695378846089584519897851086670983665098263937192833370388168385841572557501910303791494785465106326050
1239644383268658146635631894972016985390757692179169039795702173341967330196527874385666740776336771683145115003820607582989570930212878833
2479288766537316293271263789944033970781515384358338079591404346683934660393055748771333481552673543366290230007641215165979141860427198522
4958577533074632586542527579888067941563030768716676159182808693367869320786111497542666963105347086732580460015282430331958283720854462869
9917155066149265173085055159776135883126061537433352318365617386735738641572222995085333926210694173465160920030564860663916567441709028133
19834310132298530346170110319552271766252123074866704636731234773471477283144445990170667852421388346930321840061129721327833134883418144033
39668620264597060692340220639104543532504246149733409273462469546942954566288891980341335704842776693860643680122259442655666269766836324635
79337240529194121384680441278209087065008492299466818546924939093885909132577783960682671409685553387721287360244518885311332539533672729723
158674481058388242769360882556418174130016984598933637093849878187771818265155567921365342819371106775442574720489037770622665079067345496015
317348962116776485538721765112836348260033969197867274187699756375543636530311135842730685638742213550885149440978075541245330158134691174879
634697924233552971077443530225672696520067938395734548375399512751087273060622271685461371277484427101770298881956151082490660316269382379013
1269395848467105942154887060451345393040135876791469096750799025502174546121244543370922742554968854203540597763912302164981320632538764823851
2538791696934211884309774120902690786080271753582938193501598051004349092242489086741845485109937708407081195527824604329962641265077531081244
5077583393868423768619548241805381572160543507165876387003196102008698184484978173483690970219875416814162391055649208659925282530155062177115
10155166787736847537239096483610763144321087014331752774006392204017396368969956346967381940439750833628324782111298417319850565060310124463939
20310333575473695074478192967221526288642174028663505548012784408034792737939912693934763880879501667256649564222596834639701130120620248957133
40620667150947390148956385934443052577284348057327011096025568816069585475879825387869527761759003334513299128445193669279402260241240497994719
81241334301894780297912771868886105154568696114654022192051137632139170951759650775739055523518006669026598256890387338558804520482480996128403
162482668603789560595825543737772210309137392229308044384102275264278341903519301551478111047036013338053196513780774677117609040964961992315317
324965337207579121191651087475544420618274784458616088768204550528556683807038603102956222094072026676106393027561549354235218081929923984747657
649930674415158242383302174951088841236549568917232177536409101057113367614077206205912444188144053352212786055123098708470436163859847969509941
1299861348830316484766604349902177682473099137834464355072818202114226735228154412411824888376288106704425572110246197416940872327719695940394912
2599722697660632969533208699804355364946198275668928710145636404228453470456308824823649776752576213408851144220492394833881744655439391880841021
5199445395321265939066417399608710729892396551337857420291272808456906940912617649647299553505152426817702288440984789667763489310878783761747867
10398890790642531878132834799217421459784793102675714840582545616913813881825235299294599107010304853635404576881969579335526978621757567523642013
20797781581285063756265669598434842919569586205351429681165091233827627763650470598589198214020609707270809153763939158671053957243515135047305967
41595563162570127512531339196869685839139172410702859362330182467655255527300941197178396428041219414541618307527878317342107914487030270094707015
83191126325140255025062678393739371678278344821405718724660364935310511054601882394356792856082438829083236615055756634684215828974060540189494483
166382252650280510050125356787478743356556689642811437449320729870621022109203764788713585712164877658166473230111513269368431657948121080379047477
332764505300561020100250713574957486713113379285622874898641459741242044218407529577427171424329755316332946460223026538736863315896242160758153465
665529010601122040200501427149914973426226758571245749797282919482484088436815059154854342848659510632665892920446053077473726631792484321516453209
1331058021202244080401002854299829946852453517142491499594565838964968176873630118309708685697319021265331785840892106154947453263584968643032921045
2662116042404488160802005708599659893704907034284982999189131677929936353747260236619417371394638042530663571681784212309894906527169937286065856717
5324232084808976321604011417199319787409814068569965998378263355859872707494520473238834742789276085061327143363568424619789813054339874572131808515
10648464169617952643208022834398639574819628137139931996756526711719745414989040946477669485578552170122654286727136849239579626108679749144263719425
21296928339235905286416045668797279149639256274279863993513053423439490829978081892955338971157104340245308573454273698479159252217359498288527533931
42593856678471810572832091337594558299278512548559727987026106846878981659956163785910677942314208680490617146908547396958318504434718996577055111745
85187713356943621145664182675189116598557025097119455974052213693757963319912327571821355884628417360981234293817094793916637008869437993154110494107
